10178
10193
10196
10212
10696
10706
10707
10713
10963
21158
21159
21163
30369
30543
30556
30575
31017
31027
31030
31031
31039
31040
31041
31042
31045
31070
31080
31088
31090
31094
31109
3221
40253
40292
40293
40350
40351
40352
40354
40443
40469
40484
40517
40559
41554
41924
42046
42058
4434
4838
5005253
5764
5892
5929
5974
5984
60042
60053
60055
60085
60113
60114
60144
60145
60158
60209
6208
6742
6751
70310
70659
70665
70823
70839
70841
71368
71700
7242
7292
7347
75010
75099
75102
75132
75135
75145
75147
75151
75160
75168
75178
75209
75870
75890
75891
75892
75895
75908
75909
75910
7595
76115
7630
7635
7636
7657
7658
7659
7673
7678
76896
76905
7748
7749
7991
80008
80012
8036
8038
8039
8066
8086
8087
8089
8093
8097
8121
8128
8195
9492